for 0 3 0 115087
for 0 0 1 129130
for 1 0 2 114248
for 0 0 3 114248
for 1 3 4 115563
for 0 0 5 199939
for 1 3 6 115563
for 0 0 7 199939
for 0 0 0 214090
for 0 1 1 114373
for 1 1 2 214691
for 0 1 3 270863
for 1 0 4 213495
for 0 1 5 114368
for 1 0 6 213495
for 0 1 7 114368
for 0 1 0 199333
for 0 2 1 213376
for 1 2 2 199339
for 0 2 3 129124
for 1 1 4 199928
for 0 2 5 270025
for 1 1 6 199928
for 0 2 7 270025
for 0 2 0 128416
for 0 3 1 200047
for 1 3 2 129124
for 0 3 3 199339
for 1 2 4 128416
for 0 3 5 129242
for 1 2 6 128416
for 0 3 7 129242
for 1 3 0 115558
for 1 0 1 199344
for 0 0 2 114248
for 1 0 3 114248
for 0 3 4 115082
for 1 0 5 128535
for 0 3 6 115082
for 1 0 7 128535
for 1 0 0 270144
for 1 1 1 114963
for 0 1 2 270863
for 1 1 3 214691
for 0 0 4 270739
for 1 1 5 114968
for 0 0 6 270739
for 1 1 7 114968
for 1 1 0 129123
for 1 2 1 270025
for 0 2 2 129124
for 1 2 3 199339
for 0 1 4 128528
for 1 2 5 213376
for 0 1 6 128528
for 1 2 7 213376
for 1 2 0 199225
for 1 3 1 129718
for 0 3 2 199339
for 1 3 3 129124
for 0 2 4 199225
for 1 3 5 200523
for 0 2 6 199225
for 1 3 7 200523
19/512
