for 0 0 0 115081
for 0 1 0 214096
for 0 2 0 199339
for 0 3 0 128410
for 1 0 0 115557
for 1 1 0 270149
for 1 2 0 129124
for 1 3 0 199220
for 0 0 1 114367
for 0 1 1 213382
for 0 2 1 200053
for 0 3 1 129124
for 1 0 1 114962
for 1 1 1 270030
for 1 2 1 129719
for 1 3 1 199339
for 0 0 2 114248
for 0 1 2 214691
for 0 2 2 199339
for 0 3 2 129124
for 1 0 2 114248
for 1 1 2 270863
for 1 2 2 129124
for 1 3 2 199339
for 0 0 3 114248
for 0 1 3 214691
for 0 2 3 199339
for 0 3 3 129124
for 1 0 3 114248
for 1 1 3 270863
for 1 2 3 129124
for 1 3 3 199339
for 0 0 4 115557
for 0 1 4 213501
for 0 2 4 199934
for 0 3 4 128410
for 1 0 4 115081
for 1 1 4 270744
for 1 2 4 128529
for 1 3 4 199220
for 0 0 5 114962
for 0 1 5 213382
for 0 2 5 200529
for 0 3 5 128529
for 1 0 5 114367
for 1 1 5 270030
for 1 2 5 129243
for 1 3 5 199934
for 0 0 6 115557
for 0 1 6 213501
for 0 2 6 199934
for 0 3 6 128410
for 1 0 6 115081
for 1 1 6 270744
for 1 2 6 128529
for 1 3 6 199220
for 0 0 7 114962
for 0 1 7 213382
for 0 2 7 200529
for 0 3 7 128529
for 1 0 7 114367
for 1 1 7 270030
for 1 2 7 129243
for 1 3 7 199934
55/1024
